3
5
1 40 2 1
6 1 2 2
7 14 9 5
8 1 9 2
9 45 9 4
10 14 8 5
11 17 1 2
12 44 7 3
13 17 3 2
14 48 6 1
15 5 7 1
16 22 6 5
17 16 1 4
18 34 2 4
19 5 9 3
20 40 10 3
21 36 4 1
22 2 4 3
23 5 4 1
24 24 5 4
25 40 6 2
26 23 6 2
27 42 5 1
28 38 3 5
29 46 4 2
30 29 7 3
31 40 9 2
32 43 6 1
33 14 1 3
34 25 5 1
35 13 10 3
36 13 8 4
37 41 8 2
38 16 3 2
39 47 9 5
40 16 10 4
41 37 7 3
42 14 3 5
43 31 2 1
44 7 3 2
45 50 7 5
46 4 7 4
47 38 8 5
48 16 9 1
49 43 2 5
50 48 5 3
51 7 5 4
52 10 8 1
53 46 5 5
54 48 3 5
55 6 5 5
56 38 4 2
57 23 3 5
58 49 9 1
59 38 6 4
60 1 2 3
61 19 4 1
62 15 10 1
63 5 8 1
64 48 9 2
65 8 8 5
66 10 5 5
67 38 7 2
68 34 4 3
69 25 6 4
70 33 8 1
71 15 4 1
72 21 1 5
73 35 4 5
74 14 1 1
75 45 1 2
76 4 1 3
77 4 9 2
78 17 8 2
79 34 3 5
80 36 8 2
81 50 8 4
82 12 2 1
83 42 7 3
84 27 7 4
85 46 1 1
86 3 7 3
87 6 4 2
88 12 9 4
89 8 7 2
90 17 8 2
91 4 8 5
92 6 1 5
93 0 2 2
94 10 7 4
95 30 4 4
96 3 3 4
97 0 7 3
98 50 8 3
99 27 9 4
100 9 4 3